0
0
0
0
0
0
0
0
0
0
0
0
0
0
0
0
0
0
0
0
0
0
0
0
0
0
0
186
192
171
0
0
0
0
0
22
0
0
0
0
0
0
0
0
0
0
0
0
0
0
0
0
0
0
0
0
0
0
0
0
0
0
0
0
0
0
0
0
0
0
0
0
0
0
0
0
0
0
0
0
0
127
0
192
109
192
14
109
14
3
63
38
74
53
159
77
157
109
171
0
141
0
141
141
141
171
0
0
0
163
0
0
141
141
141
171
0
141
141
141
141
45
45
0
0
0
136
171
136
0
96
78
136
136
45
183
141
0
141
141
0
0
0
0
0
0
0
0
0
0
0
0
0
0
0
0
0
0
0
0
0
0
0
0
0
0
0
0
0
0
0
0
0
0
0
0
0
0
0
0
0
0
0
0
177
163
100
11
0
136
146
16
0
0
164
141
51
0
0
0
0
0
0
0
0
142
20
20
142
78
153
0
153
0
52
177
153
153
0
185
185
153
0
42
0
0
0
130
153
153
63
126
0
182
160
185
185
0
78
0
185
0
0
119
0
0
0
171
0
171
0
0
185
0
78
42
163
141
78
160
163
0
0
0
185
78
171
171
141
0
0
0
0
0
0
0
0
0
0
0
0
0
0
0
0
0
0
0
0
0
0
0
0
0
0
0
0
0
119
141
141
141
141
141
141
0
0
0
0
0
0
0
0
0
0
0
0
0
0
0
0
0
0
0
0
0
0
0
0
0
0
0
0
0
0
0
0
0
0
0
0
0
0
0
0
0
0
0
0
0
0
0
0
0
0
0
0
0
0
0
0
0
0
0
0
0
0
0
0
0
0
0
0
0
0
0
0
0
0
0
0
0
0
0
0
0
0
0
0
0
0
0
0
0
0
0
0
0
0
0
0
0
0
0
0
0
0
0
141
141
141
141
141
141
0
0
0
0
0
163
0
0
163
163
0
0
0
0
0
0
0
0
0
0
0
0
0
0
163
0
0
0
0
0
0
0
0
0
0
0
0
0
0
0
0
0
0
171
0
0
0
141
0
0
0
0
0
0
0
0
0
171
0
0
0
0
0
0
0
0
0
0
0
0
0
0
0
0
0
0
0
0
0
0
0
0
0
0
163
0
0
0
0
0
0
0
124
140
140
11
11
61
180
185
185
100
0
51
0
0
0
78
0
0
78
0
171
171
88
164
164
0
0
0
0
0
0
141
0
136
0
78
78
0
141
141
174
0
0
0
0
0
0
0
0
0
0
0
0
0
0
0
0
0
0
0
0
0
0
0
0
0
0
0
0
0
0
0
0
0
0
0
0
0
0
0
0
0
0
0
0
0
0
0
0
0
0
0
0
0
0
0
0
0
0
0
0
0
0
0
0
0
0
0
0
0
0
0
0
0
0
0
0
0
0
0
0
0
0
0
0
0
78
0
0
132
132
0
0
0
0
0
0
0
0
0
0
0
0
0
0
0
0
0
0
0
0
0
0
0
0
0
0
0
0
0
98
0
0
0
0
0
171
0
171
0
0
185
0
172
172
172
172
172
0
172
34
172
0
0
0
0
0
0
0
0
0
0
0
0
0
0
0
0
0
0
0
0
0
0
0
0
0
0
0
0
0
0
0
0
0
0
0
0
0
0
0
0
0
0
0
0
0
0
0
0
0
0
0
0
0
0
0
0
0
0
0
0
0
0
0
0
0
0
0
0
0
0
0
0
0
0
0
0
0
0
0
0
0
0
0
0
0
0
100
78
78
78
42
42
161
0
0
0
0
0
0
171
171
91
171
163
141
103
0
0
0
0
0
0
124
0
0
0
0
0
163
0
171
141
124
141
0
160
185
185
118
160
185
0
160
65
192
29
185
0
0
0
0
0
78
163
163
163
163
163
0
0
0
0
0
0
0
0
0
0
78
0
0
141
0
23
160
42
78
0
111
171
171
171
111
100
0
0
0
0
0
0
0
0
0
0
0
0
0
0
0
0
0
0
0
0
0
0
141
141
141
141
141
163
163
163
0
0
163
163
163
163
78
0
0
0
0
0
0
0
0
0
0
0
0
0
0
0
0
0
0
0
124
141
141
163
42
42
163
163
141
0
0
0
0
0
0
0
0
0
0
0
0
0
0
0
0
0
0
0
90
136
137
42
42
42
0
42
69
64
0
0
171
171
64
0
171
171
153
0
141
100
171
171
118
0
0
0
163
40
42
0
0
0
0
0
0
0
0
0
0
0
0
0
0
0
0
0
0
0
0
0
0
0
0
0
0
0
0
0
0
0
0
0
0
0
0
0
0
0
0
0
0
0
0
0
0
0
0
0
0
0
0
0
0
0
0
0
0
0
0
0
0
0
0
0
0
0
0
0
0
0
0
0
0
0
0
0
171
111
111
171
160
167
141
171
171
171
0
171
171
143
69
7
63
118
0
0
0
0
0
0
0
0
0
0
0
0
0
0
0
0
0
0
0
0
0
0
0
0
0
0
0
0
0
0
0
0
0
0
0
0
0
0
0
0
0
0
0
0
0
0
0
0
0
0
0
0
0
0
0
0
0
0
0
0
0
0
0
0
0
0
0
0
0
0
0
0
0
0
0
0
0
0
0
0
0
0
0
0
0
0
0
0
0
0
0
0
0
0
0
0
93
0
0
163
124
0
0
141
111
0
0
113
42
163
42
42
141
23
163
163
0
163
163
89
11
141
78
163
141
141
141
0
0
117
171
0
0
47
141
141
141
141
141
141
141
0
0
141
141
0
0
0
0
0
3
163
172
196
171
171
0
0
0
0
0
111
163
111
185
0
0
0
42
141
0
141
185
0
0
0
0
141
141
0
172
74
85
0
93
1
193
42
185
0
185
171
171
0
141
0
0
136
141
0
0
0
0
0
0
0
157
133
163
111
42
0
141
141
132
0
171
171
0
0
0
0
21
0
171
0
0
78
42
0
0
0
161
141
0
0
0
0
0
0
0
0
0
0
0
8
0
0
0
0
120
171
171
171
157
141
141
163
141
42
141
141
0
141
0
93
0
0
0
0
0
0
0
36
141
0
141
141
141
0
0
141
120
120
143
172
172
89
171
141
29
143
29
40
143
143
143
143
143
143
47
47
47
47
181
47
49
42
42
42
42
60
118
171
171
171
171
171
118
171
42
0
11
197
0
197
0
19
42
163
111
171
162
0
0
0
76
0
199
0
171
171
76
171
0
0
185
171
171
0
0
171
0
172
141
82
0
0
0
0
0
0
62
0
0
196
163
0
163
0
0
141
78
0
141
141
0
141
141
141
171
136
141
141
141
141
0
163
0
0
163
163
0
42
171
171
0
0
0
0
0
0
0
0
163
163
163
163
163
62
0
0
0
0
0
0
0
0
0
0
0
0
0
0
0
0
0
0
0
0
0
0
0
0
0
0
0
0
0
0
0
136
0
0
121
0
137
49
86
49
197
31
86
65
108
0
0
0
0
0
0
88
0
0
0
0
141
0
0
78
0
0
0
0
0
0
0
0
0
0
0
0
0
0
0
0
0
0
0
0
0
0
0
0
0
0
0
0
0
0
0
0
0
0
0
0
0
0
0
0
0
0
0
0
0
0
0
0
0
0
0
0
0
0
0
0
0
0
0
0
0
0
0
0
0
0
0
0
0
0
0
0
0
0
0
0
0
0
0
0
0
0
0
0
0
0
0
0
0
0
0
0
0
0
0
0
0
0
78
171
0
0
0
0
171
0
0
0
0
0
0
0
78
0
0
0
49
49
0
0
0
0
0
0
0
0
0
0
0
0
0
0
0
0
0
0
0
0
0
0
0
0
0
0
0
0
0
0
0
0
0
0
0
0
0
0
0
0
0
0
0
0
0
0
0
0
0
0
0
0
0
0
0
0
0
0
0
0
0
0
0
0
0
0
0
0
0
0
0
0
0
0
0
0
0
0
0
0
0
0
0
0
0
0
0
0
0
0
0
0
0
0
0
0
0
0
0
0
0
0
0
0
0
0
0
0
0
0
0
0
0
0
0
0
0
0
0
0
0
44
65
65
0
29
42
42
0
0
0
0
0
0
0
0
31
0
124
0
0
0
0
0
0
170
0
171
0
0
0
0
0
0
0
0
0
0
0
0
0
0
0
0
0
0
0
0
0
0
0
0
0
0
0
0
0
0
0
0
0
0
0
0
0
0
0
0
0
0
0
0
0
0
0
0
0
0
0
0
0
0
0
0
0
0
0
0
0
0
0
0
0
0
0
0
0
0
0
0
0
0
0
0
0
0
0
0
0
0
0
0
0
0
0
0
0
0
0
0
0
0
0
0
0
0
0
0
0
0
0
0
0
0
0
0
0
0
0
0
0
0
0
0
0
0
0
0
0
0
0
0
0
0
0
0
0
0
0
0
0
0
0
0
0
0
0
0
0
0
0
0
0
0
0
51
0
0
0
0
0
171
171
143
0
0
0
196
186
0
0
123
0
0
0
0
0
0
0
0
0
0
0
0
0
0
0
0
0
0
0
0
0
0
0
0
0
0
0
0
0
0
0
0
0
0
0
0
0
0
0
0
0
0
0
0
0
0
0
0
0
0
0
0
0
0
0
0
0
0
0
0
0
0
0
0
0
0
0
0
0
0
0
0
0
0
0
0
0
0
0
0
0
0
0
0
0
0
0
0
0
0
0
0
0
0
0
0
0
0
0
0
0
0
0
0
0
0
0
0
0
0
0
0
0
0
0
0
0
0
0
0
0
0
0
0
0
0
0
0
0
0
0
0
0
0
0
0
0
0
0
0
0
0
0
0
0
0
0
0
0
0
0
0
0
0
0
0
0
0
0
0
0
0
0
0
0
0
0
0
0
141
0
141
0
0
141
0
0
0
0
0
0
0
0
0
0
0
0
0
0
0
0
0
0
0
0
0
0
0
0
0
0
0
0
0
0
0
0
0
0
0
0
0
0
0
0
0
0
0
0
0
0
0
0
0
0
185
0
0
0
0
0
0
0
0
0
0
0
0
0
0
0
0
0
0
0
0
0
0
0
0
0
0
0
171
0
0
0
0
0
0
0
0
0
0
0
0
0
0
0
0
0
0
0
0
0
0
0
0
0
0
0
0
0
0
171
171
0
0
185
0
0
0
143
171
0
0
0
0
0
0
0
0
0
0
0
0
0
0
0
0
0
0
0
0
0
0
0
0
0
0
0
0
0
0
0
0
0
0
0
0
0
0
0
0
0
0
0
0
0
0
0
0
0
0
0
0
0
0
0
0
0
0
0
0
0
0
0
0
0
0
0
0
0
0
0
0
141
0
78
182
0
0
0
0
0
66
125
0
33
0
0
0
0
0
0
0
0
0
0
0
0
0
0
0
0
0
0
0
0
0
0
0
0
0
0
0
0
0
0
0
0
0
0
0
0
0
0
0
0
0
0
0
0
0
0
0
0
0
0
0
0
0
0
0
0
0
0
0
0
0
0
0
0
0
0
0
0
0
0
0
0
0
0
0
0
0
0
0
0
0
0
0
0
0
0
0
0
0
0
0
0
0
0
0
141
141
141
0
0
0
0
0
0
0
0
0
0
0
0
0
0
0
0
0
0
0
0
0
78
47
0
0
0
0
0
0
0
160
150
190
0
0
0
0
0
0
0
0
0
0
0
0
0
0
0
0
0
0
0
0
0
0
0
0
0
0
0
0
0
0
0
0
0
0
0
0
0
0
0
0
0
0
0
0
0
0
0
0
0
0
0
0
163
0
163
0
0
0
0
0
0
0
0
0
0
0
0
0
0
0
0
0
0
0
0
0
0
0
0
0
0
0
0
0
0
0
0
0
0
0
0
0
0
0
0
0
0
0
0
0
0
0
0
0
0
0
0
0
0
0
0
0
0
0
141
141
141
141
141
21
163
0
0
0
0
0
0
0
0
0
0
0
0
0
0
0
0
0
0
0
0
0
0
0
0
0
0
0
0
0
0
0
0
0
148
0
0
0
0
0
0
0
0
0
0
0
0
0
0
0
0
0
0
0
0
0
0
0
0
0
0
0
0
0
0
0
0
0
0
0
0
0
0
0
0
0
0
0
0
0
0
0
0
0
0
0
0
0
171
0
0
171
0
0
0
0
0
0
0
192
141
171
0
0
0
171
0
0
0
0
0
0
0
0
0
0
0
0
0
0
0
0
0
0
0
0
0
0
0
0
0
0
0
0
0
0
0
0
0
0
0
0
0
0
0
0
0
0
0
0
0
0
0
0
0
0
0
0
0
0
0
0
0
163
141
141
0
0
0
0
0
0
0
0
0
0
0
0
0
0
0
0
0
42
42
42
42
42
42
185
0
0
0
0
0
0
0
0
0
0
0
171
0
0
0
0
0
0
0
0
0
0
78
0
0
0
0
0
0
0
0
0
0
0
0
0
0
0
0
0
0
0
0
0
0
0
0
0
0
0
0
0
0
0
0
0
0
0
0
0
0
0
0
0
0
0
0
0
0
0
0
0
0
0
0
0
0
0
0
0
0
0
0
0
0
0
0
0
0
0
0
0
0
0
0
0
0
0
0
0
0
0
0
0
0
0
0
0
0
0
0
0
0
0
0
0
0
0
0
0
78
0
0
0
0
0
0
0
100
113
100
113
0
0
0
0
0
0
0
148
0
0
0
0
0
0
0
0
0
0
0
0
0
0
0
0
0
0
171
0
0
0
78
0
0
0
0
107
0
0
0
0
0
0
0
0
0
0
0
0
0
0
0
0
0
0
0
0
0
0
0
0
0
0
11
163
163
42
42
0
0
0
0
52
141
141
61
163
163
163
141
193
141
172
0
95
78
0
0
172
59
95
78
0
0
0
0
172
191
94
119
61
191
94
119
0
191
94
0
119
191
94
119
61
0
171
0
0
0
0
0
0
0
0
0
0
0
0
0
0
0
0
171
0
0
0
0
0
171
0
0
0
0
0
0
0
0
0
171
171
0
0
0
0
0
171
171
0
0
0
0
0
171
171
0
0
0
0
0
0
0
0
171
0
0
0
0
0
0
78
0
171
0
171
171
171
171
142
0
42
142
141
0
142
185
142
141
142
118
185
42
42
0
118
118
42
118
118
0
0
0
185
0
0
0
0
185
0
0
0
185
185
0
185
0
0
0
0
0
0
0
171
171
153
74
0
74
74
117
0
0
0
0
0
0
0
0
150
77
171
0
0
0
0
0
0
0
0
143
0
0
141
141
141
141
141
141
141
28
143
143
143
143
0
0
0
0
0
0
0
0
0
171
86
0
0
0
0
0
0
0
171
171
0
171
171
171
68
194
0
0
0
28
171
171
171
171
171
171
143
0
40
0
0
0
0
0
0
0
0
40
0
179
179
0
0
0
0
0
0
0
0
0
0
0
0
0
0
0
0
0
0
0
0
0
163
0
0
0
0
0
0
0
0
0
0
0
0
0
0
0
0
0
0
0
0
0
0
0
0
0
0
0
0
0
0
0
0
0
42
98
38
141
141
141
177
0
0
141
0
0
0
0
0
0
0
0
0
0
0
0
0
171
0
0
0
0
78
0
0
0
0
0
0
0
0
0
0
0
0
0
0
0
0
0
0
0
0
0
0
0
0
0
0
196
0
0
0
0
0
0
0
0
0
0
0
0
0
0
0
0
0
0
0
157
0
0
0
0
0
0
0
0
0
0
0
0
0
0
0
0
0
0
0
0
0
0
0
0
0
0
0
0
0
0
0
0
0
0
0
0
0
0
0
0
43
92
0
0
0
0
0
0
0
141
0
0
0
0
0
0
0
0
0
0
0
0
0
0
0
0
0
141
141
0
171
141
0
0
171
0
78
78
0
171
11
0
0
163
0
0
0
171
0
0
0
0
0
163
0
0
0
0
0
0
0
0
0
0
0
0
0
0
0
0
0
0
0
0
0
0
0
0
0
0
0
0
0
0
0
0
0
0
0
0
136
0
0
0
0
0
0
0
0
0
0
0
0
0
0
136
26
163
163
0
148
148
163
163
0
148
0
148
0
148
103
148
148
26
0
0
0
0
163
141
141
0
0
0
0
141
141
141
0
42
42
141
42
0
42
42
42
0
0
0
0
0
0
0
0
0
0
0
0
0
0
0
0
0
0
0
0
0
0
0
0
0
0
0
0
0
0
0
0
0
0
0
0
0
0
0
0
0
0
0
0
0
0
97
164
164
0
0
0
164
157
0
0
0
0
0
0
0
0
0
0
0
0
0
163
188
172
192
171
171
141
0
171
171
0
171
171
0
0
0
141
0
0
0
171
0
0
141
141
141
141
172
153
0
0
0
0
185
0
0
0
0
0
0
0
0
0
0
0
0
0
0
0
0
0
0
196
0
0
0
196
0
0
0
11
0
0
97
192
83
63
39
0
0
63
0
75
0
0
153
118
174
148
171
174
118
0
148
0
0
78
174
174
174
174
75
78
0
78
63
39
78
0
0
150
0
0
0
0
0
0
0
0
0
0
0
0
0
0
0
0
0
192
0
0
171
78
78
78
0
0
78
172
172
0
0
0
0
153
0
40
115
56
0
0
21
146
163
163
73
163
146
0
163
156
133
0
0
172
0
172
0
185
0
142
0
141
192
141
100
0
0
100
15
141
163
163
192
163
0
78
185
0
78
100
141
141
141
141
0
141
141
23
185
0
0
185
185
0
0
185
0
0
163
141
148
142
153
153
0
153
40
118
0
40
0
0
0
118
118
100
163
189
163
163
18
136
136
136
57
0
56
0
0
0
0
23
0
0
171
100
192
100
192
100
0
0
0
0
0
0
0
0
0
0
0
0
0
0
0
0
0
0
0
0
0
0
0
0
0
0
0
0
0
0
0
0
0
0
0
0
0
0
0
0
0
0
0
0
0
0
0
171
185
152
0
0
0
136
0
78
107
141
0
0
0
141
171
141
0
141
0
0
141
0
0
0
0
0
141
141
0
0
0
141
0
0
0
0
0
0
0
163
171
153
186
186
0
0
0
0
0
0
0
0
0
0
0
0
0
0
0
0
0
0
0
0
0
0
0
0
0
0
0
0
0
164
0
0
163
0
174
0
0
0
0
0
0
0
0
0
0
0
0
0
0
23
0
185
0
32
148
0
163
0
0
0
0
78
78
168
11
84
42
11
0
165
145
185
119
0
136
172
49
118
165
165
141
78
0
165
163
78
11
172
78
165
171
65
42
84
65
141
185
118
153
0
0
0
0
0
0
0
141
141
0
141
141
150
136
136
0
136
78
0
136
0
0
0
0
78
78
78
0
0
0
0
78
136
0
0
0
0
0
171
136
0
171
136
0
0
0
0
179
0
0
0
0
0
0
0
0
0
0
0
0
0
0
0
0
0
0
0
0
0
0
0
0
0
0
0
0
0
0
0
0
0
0
0
0
0
0
0
0
0
0
0
0
0
0
0
0
0
0
0
0
0
0
0
0
141
0
0
0
0
0
0
0
0
0
0
0
0
0
0
0
0
0
0
0
0
0
0
0
0
0
0
0
0
0
0
0
0
0
0
0
0
0
0
0
0
0
0
0
0
0
0
0
0
0
0
0
0
0
0
0
0
0
0
27
80
195
172
163
163
163
163
163
163
163
163
163
0
0
163
163
0
0
145
0
0
0
0
11
163
163
0
0
0
0
0
0
163
0
163
0
78
0
141
163
0
141
26
141
141
163
163
26
163
141
141
26
26
141
0
141
0
0
0
0
141
141
141
98
145
98
26
0
0
162
107
107
38
41
171
41
141
141
171
171
171
171
141
136
136
126
11
197
197
78
78
0
0
102
0
136
136
136
141
141
141
136
197
141
0
136
0
0
0
197
141
0
0
172
172
143
136
136
0
0
143
143
143
0
143
143
0
143
0
78
0
143
143
0
63
171
185
185
63
42
0
163
0
185
0
0
0
0
16
16
0
0
141
0
0
141
0
0
0
0
0
0
0
0
0
0
0
0
0
0
75
0
78
172
78
171
75
171
11
0
0
0
0
0
0
0
0
0
0
0
0
0
0
0
0
0
0
0
0
0
0
0
0
0
0
0
0
0
0
0
0
0
0
0
0
0
0
0
0
0
0
0
0
0
0
0
23
113
0
0
0
71
134
134
0
0
0
0
0
0
0
0
0
0
0
0
0
0
0
0
0
0
0
0
0
0
0
0
0
0
0
0
0
0
0
0
0
0
0
0
0
0
0
0
0
0
0
0
0
0
0
0
0
0
0
0
0
0
0
13
135
192
0
0
0
0
0
0
0
0
0
0
0
0
0
0
0
0
0
0
0
0
0
0
0
0
0
0
0
0
0
0
0
0
0
0
0
0
0
0
0
0
0
0
0
0
0
0
0
0
0
0
0
0
0
0
0
0
0
0
0
0
0
0
0
0
0
0
0
0
0
0
0
0
0
0
0
0
0
0
0
0
0
0
0
0
0
0
0
0
0
0
0
0
0
0
0
0
0
0
0
0
0
0
0
0
0
0
0
0
0
0
0
0
0
0
136
141
141
0
141
0
0
0
0
0
0
142
0
142
11
78
78
78
0
0
0
0
141
0
0
0
171
0
0
0
11
78
0
0
0
0
0
0
0
0
0
0
0
0
0
0
0
0
0
0
0
0
0
0
0
0
0
0
0
0
0
0
0
0
118
185
0
188
172
142
0
0
107
157
174
0
0
0
0
0
0
0
98
172
85
85
0
0
0
0
0
0
0
0
0
0
0
0
0
0
0
0
0
0
0
0
0
0
0
0
0
0
0
0
0
0
0
0
0
63
136
136
0
0
0
0
0
0
0
0
0
0
82
141
0
141
0
0
148
0
171
0
0
158
0
0
0
0
0
0
0
110
141
0
82
59
0
0
0
0
0
0
0
0
0
0
0
0
0
106
0
0
0
141
162
185
0
0
0
0
0
0
0
160
118
0
0
58
0
136
174
0
0
0
78
0
78
0
0
0
78
0
0
0
0
78
0
0
99
0
99
0
0
0
0
0
0
0
0
0
0
0
0
0
0
0
0
0
185
141
0
0
0
0
0
0
0
0
0
0
0
0
0
0
0
0
0
0
0
0
0
67
147
0
0
0
0
0
0
0
171
0
0
0
171
0
0
0
0
0
0
0
78
78
78
0
78
0
0
0
0
0
0
0
0
0
0
0
0
0
0
0
0
0
0
0
0
0
0
0
0
0
0
0
0
0
0
142
0
0
0
0
0
0
0
0
0
0
0
0
0
0
0
0
0
0
0
0
0
0
0
0
0
0
0
0
177
0
0
0
0
0
0
0
0
0
0
0
0
0
0
0
0
0
0
0
0
0
0
0
0
0
0
0
0
0
0
0
0
0
0
0
0
0
0
188
141
141
141
142
0
0
188
0
0
107
0
107
0
0
0
0
0
0
0
0
0
0
0
0
0
0
0
0
0
0
0
0
0
0
0
0
0
0
0
0
0
0
0
0
0
0
78
78
172
0
0
171
78
0
0
78
0
78
0
171
0
0
0
0
0
0
0
0
0
119
0
0
0
188
0
0
0
0
0
0
0
0
0
0
0
0
0
141
193
0
100
0
0
166
193
198
0
162
162
172
100
0
141
0
0
0
0
0
171
0
0
0
0
0
171
0
171
171
0
0
0
0
171
0
0
0
0
0
0
0
0
0
141
0
0
0
0
0
0
0
0
0
0
0
0
90
171
40
0
0
58
141
141
141
141
0
0
0
0
0
0
0
0
0
0
0
0
0
0
141
0
141
0
0
0
0
0
0
0
0
0
0
0
141
0
0
0
0
0
141
0
0
0
0
0
0
164
172
120
0
163
49
49
49
49
0
0
49
78
78
78
78
143
141
148
0
0
164
78
0
0
0
0
0
0
0
0
0
0
0
0
143
143
143
143
143
0
0
0
0
0
0
141
0
0
0
0
141
0
20
195
0
101
20
107
150
78
0
94
0
94
78
78
36
0
0
0
0
0
0
0
141
141
0
0
0
0
176
0
141
0
0
0
0
0
0
0
0
153
141
141
141
0
0
0
0
0
0
0
0
0
141
0
78
78
78
0
0
0
0
0
0
136
0
0
0
136
0
171
0
141
0
141
0
0
0
0
185
0
136
0
0
0
0
171
0
0
141
0
141
0
141
141
0
0
0
0
0
0
153
0
0
0
0
0
0
0
171
136
0
163
136
0
141
171
0
0
0
141
141
0
0
0
0
0
0
0
0
0
0
0
78
78
0
0
141
0
0
141
0
0
0
0
49
122
122
122
5
5
5
5
5
148
5
49
49
49
163
163
0
163
163
163
118
0
0
0
0
0
0
0
0
0
0
0
40
0
0
40
65
0
0
65
65
65
65
65
65
65
65
65
122
65
122
86
0
0
0
0
0
0
0
0
0
0
0
0
0
0
0
0
0
0
0
0
0
78
0
0
0
0
0
0
0
0
0
141
0
163
0
0
0
163
141
141
102
98
171
185
185
0
171
0
0
0
0
171
0
0
193
141
103
0
103
0
177
188
0
24
0
0
0
0
192
0
192
192
0
141
192
0
0
0
176
0
171
140
118
171
118
118
118
113
136
78
0
0
0
0
171
141
171
42
0
171
172
42
141
171
196
172
171
0
172
171
137
171
42
42
140
0
0
188
136
0
0
196
0
140
163
177
0
0
192
0
136
192
0
16
188
176
136
47
0
169
20
62
133
0
0
0
0
94
68
94
68
163
149
0
0
0
0
0
0
0
0
0
190
193
190
193
63
196
192
20
0
0
0
0
0
0
0
0
0
0
0
0
0
0
0
0
0
0
0
0
0
0
0
0
0
0
0
0
0
0
0
0
119
0
0
70
0
0
0
103
172
185
185
0
0
11
0
0
163
0
171
0
0
17
46
46
17
144
11
26
46
0
0
0
116
185
185
185
100
100
0
0
0
100
100
0
0
0
0
0
0
0
0
0
0
40
40
0
0
40
40
0
40
4
0
40
40
4
40
0
40
40
40
40
40
40
0
0
0
40
40
40
0
0
0
0
0
103
163
8
172
142
0
0
0
0
0
0
0
42
142
148
0
0
0
0
0
0
0
0
0
0
0
0
0
0
0
0
0
0
0
0
0
0
0
0
0
0
0
0
0
0
0
0
25
25
136
0
0
0
0
0
0
0
0
0
0
0
0
0
0
0
0
0
0
0
0
0
0
0
0
0
0
0
0
0
0
0
0
0
0
0
0
0
0
0
0
0
0
0
0
0
0
0
0
0
0
0
0
0
0
0
0
0
0
0
0
0
0
0
0
0
0
0
0
0
0
0
0
0
0
0
0
0
0
0
172
171
188
188
188
188
0
188
0
188
188
0
188
188
0
188
0
0
0
0
0
0
0
188
0
0
0
0
0
0
0
0
0
0
0
0
0
0
0
65
65
148
0
0
0
0
0
0
0
0
65
0
0
0
0
0
0
0
0
0
0
65
0
0
0
0
0
65
0
65
65
0
107
65
0
0
0
0
65
0
107
0
0
0
65
0
65
11
0
0
0
0
0
0
0
141
0
141
103
141
141
141
72
0
0
72
42
172
0
103
42
0
42
42
79
103
136
103
0
136
103
141
103
163
103
163
187
0
187
81
0
81
81
81
112
0
0
0
0
103
0
0
0
0
78
78
78
78
0
0
0
78
78
0
0
0
0
173
116
175
116
141
141
141
0
0
141
141
141
0
0
141
141
163
0
163
142
100
40
132
40
0
0
0
0
0
0
0
0
0
0
0
0
0
0
0
0
0
0
0
0
0
171
0
0
0
171
0
171
171
0
0
0
0
171
88
104
0
0
0
0
0
0
0
0
0
0
0
0
0
0
0
0
0
0
0
0
0
0
0
0
0
0
0
0
0
0
0
0
0
0
0
0
0
0
0
0
0
0
0
0
0
0
0
0
0
0
0
0
0
0
0
0
0
0
0
0
0
0
0
0
0
0
0
0
0
0
0
0
0
0
0
0
0
0
0
0
0
0
0
0
0
0
0
0
0
0
0
0
0
0
0
0
0
0
0
0
0
0
0
0
0
0
0
0
0
0
0
0
0
0
0
0
0
0
0
0
0
0
0
0
0
0
0
0
0
0
0
0
0
0
0
0
0
0
0
0
0
0
0
0
0
0
0
0
0
0
0
0
0
0
0
0
0
0
0
0
0
0
0
0
0
0
0
0
0
0
0
0
0
0
0
0
0
0
0
0
0
0
0
0
0
0
0
0
0
0
0
0
0
0
0
0
0
0
0
0
0
0
0
0
0
0
0
0
0
0
0
0
0
0
0
118
179
2
143
116
75
49
0
110
6
55
160
12
193
195
0
0
0
0
0
0
0
0
0
0
0
0
0
0
162
0
0
0
0
0
0
0
0
0
11
0
0
0
0
0
0
0
0
0
0
0
0
0
110
141
0
0
0
0
0
0
0
0
0
0
0
193
0
0
0
0
0
0
0
0
0
0
0
0
0
0
0
0
0
0
0
0
0
0
0
0
0
0
0
0
0
0
0
0
0
0
142
142
142
146
197
78
9
107
0
0
0
0
148
0
0
0
0
54
54
54
0
0
49
49
0
0
0
123
123
123
16
49
107
86
107
146
0
0
67
178
86
86
86
123
0
141
0
141
146
136
153
0
0
0
153
197
192
0
0
0
0
0
0
0
0
0
0
0
0
0
0
0
0
0
0
0
0
0
185
171
174
40
0
40
0
0
132
171
28
138
0
184
28
0
143
185
143
10
0
0
141
0
185
0
0
0
78
35
171
0
35
185
0
141
0
0
141
0
35
171
0
141
0
141
141
141
141
141
34
185
141
141
141
141
0
171
141
141
0
0
0
0
0
171
141
35
0
151
0
149
0
49
0
0
78
89
0
41
37
184
184
185
30
50
185
0
0
0
0
0
0
48
0
0
0
0
0
0
105
163
28
0
0
0
0
0
0
0
0
0
0
0
0
0
0
0
0
0
0
0
0
0
0
0
0
0
0
0
0
0
0
0
0
0
0
0
0
0
0
0
0
0
0
0
0
0
0
0
0
0
0
0
0
0
0
0
0
0
0
0
0
0
0
0
0
0
0
0
0
0
0
0
0
0
0
0
0
0
0
0
0
0
0
0
0
0
0
0
0
0
0
0
0
0
0
0
0
0
0
141
141
141
141
0
0
0
0
0
0
0
0
0
0
0
131
0
163
172
171
171
0
0
0
0
0
0
0
0
0
171
0
0
0
0
0
0
0
0
47
0
41
141
0
0
47
0
52
0
163
163
163
0
0
163
129
0
0
1
155
0
0
0
0
0
139
176
113
0
98
0
0
0
0
0
0
0
0
0
0
0
0
0
98
0
0
0
0
0
157
148
174
174
0
0
0
0
0
0
0
0
0
0
0
0
0
0
0
0
0
0
0
0
0
0
0
0
0
0
0
0
0
0
0
0
0
0
0
0
0
0
0
0
0
0
0
0
0
0
0
0
0
0
0
0
0
0
0
0
0
0
0
0
0
0
0
0
0
0
0
0
0
0
0
0
0
0
0
0
0
0
0
0
0
0
0
0
0
0
0
0
0
0
0
0
0
0
107
163
31
31
47
0
0
172
172
78
0
100
47
0
0
5
136
171
171
78
0
0
0
0
0
0
0
0
0
0
0
0
0
0
0
0
0
0
0
0
0
0
0
0
0
0
0
0
0
0
0
0
0
0
0
0
0
0
0
0
0
0
0
0
0
0
0
0
0
0
0
0
0
0
0
0
0
0
0
0
0
0
0
0
0
0
0
0
0
0
0
0
0
160
172
172
0
148
0
0
0
87
192
0
0
154
42
42
0
78
0
102
141
0
141
0
0
0
163
0
0
0
0
0
163
0
0
0
0
0
42
78
114
171
102
153
0
0
0
128
154
150
42
0
0
0
185
185
185
185
163
74
163
163
0
0
163
141
0
185
185
0
0
185
185
185
185
185
171
141
0
0
0
171
0
0
185
141
141
42
